.Random.seed <-
c(403L, 10L, 728813163L, 164586458L, 126858396L, -87925089L, 
1276212469L, -74828404L, -849743774L, 1006559293L, 1611651767L, 
267010398L, -922752872L, 756724731L, -200900199L, 1974649384L, 
-103435562L, -1051871407L, 1754364419L, 1506864530L, 629111588L, 
-845046297L, 323779133L, 1126667444L, 334172954L, -947734427L, 
313356543L, -890830458L, -1974175984L, 371250099L, 610930769L, 
778413056L, -1544837922L, -1638492375L, 1115138779L, -130399766L, 
-891098740L, -1903440177L, 1291088517L, 1978435900L, -720079854L, 
1280563981L, -1512961977L, 39774766L, -245312632L, 1422229131L, 
1330819177L, -1033659336L, -1833112346L, -2096425855L, 1559708691L, 
-1584065598L, -2111353740L, -2082618761L, 879139693L, 1453071364L, 
897914666L, -390667115L, 1017877295L, 856277558L, -274377120L, 
1101137059L, 1310068673L, 811731888L, -1608978738L, -429142983L, 
1545359947L, -342456326L, -228612L, 256051007L, 1142073365L, 
843586348L, -899256318L, -1785963811L, 1194721751L, -1587983170L, 
2086717176L, 1966503131L, 614983481L, 391746184L, 613447222L, 
1717184113L, -450243421L, 653024754L, 1578937668L, -1590817273L, 
1388866525L, -746814252L, 738122746L, 419081029L, 1659072415L, 
-721328858L, 1489677744L, -1138629037L, -343826063L, -131954528L, 
-1432684482L, 2114686793L, 627324411L, -965985846L, -2106673364L, 
-1339275473L, -1695103515L, 1842956444L, 1509489906L, 2047128941L, 
1020703399L, 1287953614L, 1537126952L, 2087002667L, -672249783L, 
-557270696L, -1101463546L, -605318687L, -361735309L, 267349986L, 
462858068L, -1853052329L, 128870989L, -1756705308L, 892020682L, 
-1113626059L, -1481903985L, 1039528342L, -1132892864L, -8970237L, 
-131194335L, 1061233936L, -601330962L, 504977049L, 830756651L, 
-1531899366L, -1045303076L, -211587873L, 1140169397L, -150303668L, 
-41316190L, 1139593213L, 47131895L, 713775646L, -1813367592L, 
399665211L, -151825959L, 1353860968L, -1852323178L, -896814063L, 
-2064587325L, -2011878958L, -793370524L, 1364123559L, -809717507L, 
-823909132L, 572982234L, 1803155237L, 360037951L, 103179718L, 
-147160496L, 1147379315L, 1225511569L, 357632704L, 1686334622L, 
688111721L, -1376535397L, 243135914L, -1797212724L, -867305329L, 
1887615173L, -945620868L, 40088786L, 1301843021L, -179880697L, 
2760942L, -520998456L, -2035870005L, -1746229463L, 1694429048L, 
-461106010L, -97012031L, 1466617683L, 1016507394L, -2205388L, 
581350071L, -2047717715L, 1789059012L, -1434654742L, -1091655595L, 
-1080674833L, 937819638L, 1334799136L, -280484637L, 1792516481L, 
-1938065424L, -2093295986L, -72713735L, -867634293L, -1699520582L, 
-2026811716L, -965261825L, 915907413L, 1975637100L, 1433702594L, 
238965533L, 1277831575L, -2016145154L, 2025956024L, 1214413979L, 
312773369L, 1655094344L, 640753526L, -204313935L, -1989817629L, 
-1733039694L, 1998952964L, 253366599L, 1389526045L, -924675436L, 
-1653892550L, -426142587L, -398923425L, 1129662950L, -2056480656L, 
-50107501L, 121175089L, -2087251232L, 1736205182L, 966760969L, 
458355259L, 1577634826L, 1896109036L, 165996338L, -254774720L, 
15571124L, 1909033544L, 1891990970L, 554824208L, -1674469652L, 
-1908544172L, 1433433362L, -734856800L, -1847697716L, -1199094176L, 
-648547390L, -1277672664L, -371426388L, 953061180L, 116489586L, 
-1972375760L, 2128131364L, 746380088L, 93912794L, -1912994928L, 
1130322684L, 210752404L, 78450754L, 1343987968L, -1781836740L, 
-2058615472L, 901341346L, -1016210104L, -1684129012L, 1216250588L, 
1757823314L, 97149056L, -2033546156L, 954137576L, 2136872186L, 
-1044136112L, -1541075156L, -1237009036L, -1327898734L, -1760494496L, 
-1594190452L, -1177449632L, 537470434L, 1930617768L, -1159896884L, 
1281817596L, 1750864306L, 1320164848L, -161071164L, 70050136L, 
975811962L, -415055952L, 273716668L, 1469015124L, 945293250L, 
-1064683488L, -1064974148L, -1666787760L, 252014562L, -1847429016L, 
-1704206260L, 184698108L, 97622002L, 269782272L, -783485580L, 
-962451448L, 1276048314L, -1605573168L, -1936478228L, 599100820L, 
861870546L, 1580499296L, 1610574668L, -1134888672L, 270776194L, 
-661125400L, 2118111468L, -1884735428L, -892113038L, -1664618896L, 
864967716L, 510367544L, 302187674L, 1822524112L, 1102497980L, 
-704256364L, 614370946L, 1951492288L, 86925116L, 639238288L, 
-367639006L, 1167870984L, -186241780L, -1291879268L, 1209500178L, 
579769216L, -1878469100L, 956778024L, -192729798L, -288606768L, 
1662607468L, -617581260L, 913687186L, -737892512L, 864247628L, 
-1224425504L, -1787171934L, 1835809704L, -486991476L, 636048572L, 
-1431674510L, -1420517136L, 1570693188L, 1338551640L, 1916478010L, 
200437616L, 1679612988L, 2030148372L, -218057278L, -536533280L, 
-1012829316L, 1370149584L, -201120606L, -374585304L, -1726572276L, 
-1631837252L, 1487639858L, 1468731840L, -1861758412L, 787245000L, 
1123456186L, 725236112L, -1230429716L, -1718055340L, 369740946L, 
-1366803680L, -1108659764L, -1476538912L, -1282220350L, -1681653720L, 
-1471598932L, 1590603964L, -1994050062L, 1860611376L, -1564781404L, 
-1338879304L, -1773926054L, 1890431376L, 32915324L, -1187596012L, 
2062712642L, -383213824L, -1445157956L, -763032752L, 1989504802L, 
-215268024L, 31852044L, -214257572L, -75605806L, -1074412032L, 
-1377105580L, 383055336L, 814576634L, 1000127696L, 1237100844L, 
-1598105868L, -526887534L, -1645625248L, -1698249460L, 506876640L, 
-649808542L, -1754584408L, -1331948980L, 901672316L, 1410576690L, 
-1752679312L, -1546640572L, -1785611816L, -2068607878L, -389112272L, 
-1421659460L, 883895124L, -1568055230L, -772593248L, 896898748L, 
1094358480L, 175025506L, 1942626280L, -928583732L, 1457978108L, 
-1991053838L, 1146381440L, -673029900L, 1069695624L, 662668090L, 
-331350192L, 842822252L, -1665615724L, 1523786066L, 1300211424L, 
1063526092L, -1747517280L, 82683778L, -2033342744L, 1153867500L, 
2042314812L, -1657500046L, 731585648L, 1397932580L, -1925607368L, 
1986926618L, 1310545616L, -1010541508L, 977585300L, -1052317566L, 
-1149153344L, -814864068L, 1014959760L, 494864418L, 2106181640L, 
1039350924L, -1942604772L, 1362199186L, -1566855040L, 578561044L, 
-1116995979L, -234324001L, -1799892168L, 742421782L, -1055225565L, 
101593829L, 1998052098L, -922570384L, -1376364263L, -305391349L, 
201030140L, -861007318L, 1928659551L, -1959697943L, 1021405950L, 
1501201132L, -263499203L, -371494393L, -955992592L, 1798428046L, 
-1917170757L, -346700387L, -141907126L, 996601704L, -2021719727L, 
755814979L, 1126651716L, -811148302L, -424324665L, -2105473135L, 
775409430L, 974723956L, -2002427387L, 1088549455L, 1927949896L, 
1007718374L, -1357709037L, -627298699L, 707175506L, -374772064L, 
1356401545L, -1433675845L, 1537546252L, -1836517990L, -1206455025L, 
484440921L, 698869230L, 743858300L, -351886099L, 231109527L, 
1488333920L, 409947710L, -492787957L, -880665203L, -907794758L, 
1897252088L, -2047356255L, -1082543533L, 118345076L, -134454526L, 
-567835753L, -592894623L, 1433970086L, 504289188L, -1925426603L, 
557458175L, 957720472L, -807376714L, -585941693L, -1366778747L, 
323511586L, 1294511632L, -663712327L, 1423871595L, -1446297252L, 
-26281846L, -531632001L, -451862071L, -1010474402L, -303023860L, 
1415494877L, -1282786841L, -2040946160L, 181681966L, -1978465317L, 
1964840125L, -1632991702L, -133743928L, -465494031L, 1274630499L, 
-1570733724L, 110158994L, 869292391L, 295418673L, 1154039926L, 
-366208620L, -747733595L, 665056943L, 296488808L, 1410736966L, 
1929990899L, -1936307115L, -298467278L, -586596864L, -2137280791L, 
-441242277L, -961388628L, -10460230L, 2017353071L, 29718265L, 
1377873806L, 91253340L, 308963533L, -1814923209L, -1319968064L, 
1914983838L, -216476053L, 442355181L, -1970250662L, 621570840L, 
1986908289L, -553343437L, 1379408980L, 1955444834L, 1185345271L, 
-368910015L, 2063521734L, -1886114556L, -718797643L, 855155615L, 
1478282232L, 1720419798L, -1204306845L, 370649125L, 1882804162L, 
-1237924688L, -599592743L, -1991793077L, 1833565372L, -999963926L, 
571204383L, -696415319L, 74112318L, 395568172L, 1102414461L, 
948690119L, 232204720L, -892996658L, 599388411L, 235435869L, 
